date,days,state,cases,deaths,cases_per_capita,deaths_per_capita,population,pop_density,hospitals,increase_cases,increase_deaths,bills_health,bills_econ,health_enacted,econ_enacted,y1,% increase
1/27/2020,0,Illinois,1,0,0,0,12671821,232,142,0,0,0,0,0,0,0,0
2/3/2020,7,Illinois,2,0,0,0,12671821,232,142,1,0,0,0,0,0,0,0
2/10/2020,14,Illinois,2,0,0,0,12671821,232,142,0,0,0,0,0,0,0,0
2/17/2020,21,Illinois,2,0,0,0,12671821,232,142,0,0,0,0,0,0,0,0
2/24/2020,28,Illinois,2,0,0,0,12671821,232,142,0,0,0,0,0,0,0,0
3/2/2020,35,Illinois,4,0,0,0,12671821,232,142,2,0,0,0,0,0,0,0
3/9/2020,42,Illinois,11,0,0.1,0,12671821,232,142,7,0,0,0,0,0,1,2.5
3/16/2020,49,Illinois,104,0,0.8,0,12671821,232,142,93,0,0,0,0,0,1,12.28571429
3/23/2020,56,Illinois,1285,12,10.1,0.1,12671821,232,142,1181,12,0,0,0,0,1,11.69892473
3/30/2020,63,Illinois,5070,84,40,0.7,12671821,232,142,3785,72,0,0,0,0,1,2.204911092
4/6/2020,70,Illinois,12262,309,96.8,2.4,12671821,232,142,7192,225,0,0,0,0,0,0.9001321
4/13/2020,77,Illinois,22025,800,173.8,6.3,12671821,232,142,9763,491,0,0,0,0,0,0.357480534
4/20/2020,84,Illinois,31508,1359,248.7,10.7,12671821,232,142,9483,559,0,0,0,0,0,-0.028679709
4/27/2020,91,Illinois,45883,1992,362.1,15.7,12671821,232,142,14375,633,0,0,0,0,0,0.515870505
5/4/2020,98,Illinois,63840,2673,503.8,21.1,12671821,232,142,17957,681,0,0,0,0,0,0.249182609
