date,days,state,cases,deaths,cases_per_capita,deaths_per_capita,population,pop_density,hospitals,increase_cases,increase_deaths,bills_health,bills_econ,health_enacted,econ_enacted,y1,Percent increase
3/9/2020,0,North Carolina,7,0,0.1,0,10488084,202.6,108,0,0,0,0,0,0,0,
3/16/2020,7,North Carolina,34,0,0.3,0,10488084,202.6,108,27,0,0,0,0,0,0,
3/23/2020,14,North Carolina,302,0,2.9,0,10488084,202.6,108,268,0,0,0,0,0,1,8.925925926
3/30/2020,21,North Carolina,1302,6,12.4,0.1,10488084,202.6,108,1000,6,0,0,0,0,1,2.731343284
4/6/2020,28,North Carolina,2870,40,27.4,0.4,10488084,202.6,108,1568,34,0,0,0,0,0,0.568
4/13/2020,35,North Carolina,4788,91,45.7,0.9,10488084,202.6,108,1918,51,0,0,0,0,0,0.223214286
4/20/2020,42,North Carolina,6764,187,64.5,1.8,10488084,202.6,108,1976,96,0,0,0,0,0,0.030239833
4/27/2020,49,North Carolina,9035,331,86.2,3.2,10488084,202.6,108,2271,144,0,0,0,0,0,0.149291498
5/4/2020,56,North Carolina,11871,454,113.2,4.3,10488084,202.6,108,2836,123,10,12,1,1,0,0.24878908
